<OBJECT>Exoplanet
<OBJECT-NAME>Exoplanet
<OBJECT-DATE>2017/12/22 15:09
<OBJECT-DIAMETER>12742
<OBJECT-GRAVITY>9.8
<OBJECT-GRAVITY-UNIT>g
<OBJECT-STAR-DISTANCE>1.0
<OBJECT-STAR-VELOCITY>0.0
<OBJECT-SOLAR-LONGITUDE>0.0
<OBJECT-SOLAR-LATITUDE>0.0
<OBJECT-SEASON>90.00
<OBJECT-STAR-TYPE>G
<OBJECT-STAR-TEMPERATURE>5777
<OBJECT-STAR-RADIUS>1.0
<OBJECT-OBS-LONGITUDE>-90.00
<OBJECT-OBS-LATITUDE>30.00
<OBJECT-OBS-VELOCITY>0.0
<OBJECT-INCLINATION>60.00
<OBJECT-ECCENTRICITY>0.00000
<OBJECT-PERIAPSIS>0.00
<OBJECT-PERIOD>0.0
<OBJECT-STAR-METALLICITY>0.0
<GEOMETRY>Observatory
<GEOMETRY-OFFSET-NS>0.0
<GEOMETRY-OFFSET-EW>0.0
<GEOMETRY-OFFSET-UNIT>diameter
<GEOMETRY-OBS-ALTITUDE>10.0
<GEOMETRY-ALTITUDE-UNIT>pc
<GEOMETRY-USER-PARAM>0.0
<GEOMETRY-STELLAR-TYPE>G
<GEOMETRY-STELLAR-TEMPERATURE>5777
<GEOMETRY-STELLAR-MAGNITUDE>0
<GEOMETRY-SOLAR-ANGLE>77.756
<GEOMETRY-OBS-ANGLE>48.121
<GEOMETRY-PLANET-FRACTION>1.000e+00
<GEOMETRY-STAR-DISTANCE>9.953334e-02
<GEOMETRY-STAR-FRACTION>0.000000e+00
<GEOMETRY-PHASE>90.000
<GEOMETRY-REF>User
<GEOMETRY-DISK-ANGLES>1
<GEOMETRY-ROTATION>0.00,0.00
<GEOMETRY-AZIMUTH>0.000
<ATMOSPHERE-NGAS>7
<ATMOSPHERE-GAS>N2,H2O,CO2,N2O,CH4,O2,O3
<ATMOSPHERE-TYPE>HIT[22],HIT[1],HIT[2],HIT[4],HIT[6],HIT[7],HIT[3]
<ATMOSPHERE-ABUN>1,1,1,1,1,0,1
<ATMOSPHERE-UNIT>scl,scl,scl,scl,scl,scl,scl
<ATMOSPHERE-DESCRIPTION>Komacek &amp;amp; Abbot G dwarf cloudy
<ATMOSPHERE-STRUCTURE>Equilibrium
<ATMOSPHERE-WEIGHT>28.0
<ATMOSPHERE-PRESSURE>1.0000e+0
<ATMOSPHERE-PUNIT>bar
<ATMOSPHERE-LAYERS-MOLECULES>N2,H2O,CO2,N2O,CH4,O2,O3,Water,WaterIce
<ATMOSPHERE-LAYERS>40
<ATMOSPHERE-TEMPERATURE>300
<ATMOSPHERE-NAERO>2
<ATMOSPHERE-GCM-PARAMETERS>72,46,40,180.0,-90.0,5.00,4.00,Winds,Tsurf,Psurf,Temperature,Pressure,N2,H2O,CO2,N2O,CH4,O2,O3,Water,WaterIce
<ATMOSPHERE-AEROS>Water,WaterIce
<ATMOSPHERE-ATYPE>AFCRL_Water_HRI,AFCRL_Ice_HRI
<ATMOSPHERE-AABUN>1,1
<ATMOSPHERE-AUNIT>scl,scl
<ATMOSPHERE-ASIZE>14,150
<ATMOSPHERE-ASUNI>um,um
<ATMOSPHERE-TAU>0.07,0.07,0.07,0.07,0.07,0.07,0.07
<ATMOSPHERE-NMAX>0
<ATMOSPHERE-LMAX>0
<ATMOSPHERE-LAYER-1>1.0123e+0,177.94,7.9062e-1,5.2442e-8,3.7950e-4,1.0000e-30,1.0000e-30,2.0900e-1,2.6933e-8,1.0000e-30,1.6323e-7
<ATMOSPHERE-LAYER-2>9.8984e-1,179.80,7.9062e-1,8.1087e-8,3.7950e-4,1.0000e-30,1.0000e-30,2.0900e-1,2.7459e-8,1.0000e-30,1.3261e-7
<ATMOSPHERE-LAYER-3>9.4805e-1,194.33,7.9062e-1,7.1915e-7,3.7950e-4,1.0000e-30,1.0000e-30,2.0900e-1,2.8436e-8,1.0000e-30,3.4363e-8
<ATMOSPHERE-LAYER-4>8.8421e-1,199.65,7.9062e-1,1.6553e-6,3.7950e-4,1.0000e-30,1.0000e-30,2.0900e-1,3.0080e-8,1.0000e-30,3.0001e-8
<ATMOSPHERE-LAYER-5>8.0303e-1,200.54,7.9062e-1,1.9772e-6,3.7950e-4,1.0000e-30,1.0000e-30,2.0900e-1,3.2390e-8,1.0000e-30,2.2318e-8
<ATMOSPHERE-LAYER-6>7.1016e-1,200.41,7.9062e-1,1.8016e-6,3.7950e-4,1.0000e-30,1.0000e-30,2.0900e-1,3.3181e-8,1.0000e-30,1.7665e-8
<ATMOSPHERE-LAYER-7>6.1181e-1,198.81,7.9062e-1,1.6049e-6,3.7950e-4,1.0000e-30,1.0000e-30,2.0900e-1,3.4492e-8,1.0000e-30,7.3534e-9
<ATMOSPHERE-LAYER-8>5.1979e-1,197.85,7.9062e-1,1.5707e-6,3.7950e-4,1.0000e-30,1.0000e-30,2.0900e-1,3.9041e-8,1.0000e-30,1.3253e-9
<ATMOSPHERE-LAYER-9>4.4158e-1,200.85,7.9062e-1,1.7244e-6,3.7950e-4,1.0000e-30,1.0000e-30,2.0900e-1,4.6378e-8,1.0000e-30,3.7897e-16
<ATMOSPHERE-LAYER-10>3.7509e-1,213.01,7.9062e-1,8.8075e-7,3.7950e-4,1.0000e-30,1.0000e-30,2.0900e-1,5.7145e-8,1.0000e-30,1.9834e-21
<ATMOSPHERE-LAYER-11>3.1858e-1,227.22,7.9062e-1,1.2720e-7,3.7950e-4,1.0000e-30,1.0000e-30,2.0900e-1,8.6961e-8,1.1757e-30,1.5672e-26
<ATMOSPHERE-LAYER-12>2.7054e-1,228.04,7.9062e-1,4.7575e-8,3.7950e-4,1.0000e-30,1.0000e-30,2.0900e-1,1.2872e-7,1.0000e-30,3.3078e-30
<ATMOSPHERE-LAYER-13>2.2971e-1,227.90,7.9062e-1,2.3246e-8,3.7950e-4,1.0000e-30,1.0000e-30,2.0900e-1,2.1369e-7,1.0000e-30,1.0133e-30
<ATMOSPHERE-LAYER-14>1.9500e-1,228.73,7.9062e-1,1.9187e-8,3.7950e-4,1.0000e-30,1.0000e-30,2.0900e-1,3.1126e-7,1.0000e-30,1.0000e-30
<ATMOSPHERE-LAYER-15>1.6550e-1,234.02,7.9062e-1,1.7829e-8,3.7950e-4,1.0000e-30,1.0000e-30,2.0900e-1,3.9217e-7,1.0000e-30,1.0000e-30
<ATMOSPHERE-LAYER-16>1.4043e-1,241.21,7.9062e-1,1.8702e-8,3.7950e-4,1.0000e-30,1.0000e-30,2.0900e-1,5.1847e-7,1.0000e-30,1.0000e-30
<ATMOSPHERE-LAYER-17>1.1911e-1,246.99,7.9062e-1,1.9431e-8,3.7950e-4,1.0000e-30,1.0000e-30,2.0900e-1,6.8258e-7,1.0000e-30,1.0000e-30
<ATMOSPHERE-LAYER-18>1.0099e-1,249.80,7.9062e-1,1.9703e-8,3.7950e-4,1.0000e-30,1.0000e-30,2.0900e-1,9.2991e-7,1.0000e-30,1.0000e-30
<ATMOSPHERE-LAYER-19>8.5807e-2,251.33,7.9062e-1,1.9601e-8,3.7950e-4,1.0000e-30,1.0000e-30,2.0900e-1,1.2740e-6,1.0000e-30,1.0000e-30
<ATMOSPHERE-LAYER-20>7.2875e-2,252.77,7.9062e-1,1.8890e-8,3.7950e-4,1.0000e-30,1.0000e-30,2.0900e-1,1.6989e-6,1.0000e-30,1.0000e-30
<ATMOSPHERE-LAYER-21>6.1520e-2,254.66,7.9062e-1,1.7777e-8,3.7950e-4,1.0000e-30,1.0000e-30,2.0900e-1,2.2142e-6,1.0000e-30,1.0000e-30
<ATMOSPHERE-LAYER-22>5.1678e-2,256.97,7.9062e-1,1.6467e-8,3.7950e-4,1.0000e-30,1.0000e-30,2.0900e-1,2.7818e-6,1.0000e-30,1.0000e-30
<ATMOSPHERE-LAYER-23>4.3194e-2,259.63,7.9062e-1,1.5279e-8,3.7950e-4,1.0000e-30,1.0000e-30,2.0900e-1,3.3999e-6,1.0000e-30,1.0000e-30
<ATMOSPHERE-LAYER-24>3.5923e-2,262.54,7.9062e-1,1.4127e-8,3.7950e-4,1.0000e-30,1.0000e-30,2.0900e-1,4.0553e-6,1.0000e-30,1.0000e-30
<ATMOSPHERE-LAYER-25>2.9728e-2,265.65,7.9062e-1,1.2894e-8,3.7950e-4,1.0000e-30,1.0000e-30,2.0900e-1,4.6261e-6,1.0000e-30,1.0000e-30
<ATMOSPHERE-LAYER-26>2.4479e-2,269.48,7.9062e-1,1.1686e-8,3.7950e-4,1.0000e-30,1.0000e-30,2.0900e-1,5.2039e-6,1.0000e-30,1.0000e-30
<ATMOSPHERE-LAYER-27>2.0057e-2,275.30,7.9061e-1,1.0525e-8,3.7950e-4,1.0000e-30,1.0000e-30,2.0900e-1,5.5797e-6,1.0000e-30,1.0000e-30
<ATMOSPHERE-LAYER-28>1.6352e-2,283.62,7.9061e-1,9.6390e-9,3.7950e-4,1.0000e-30,1.0000e-30,2.0900e-1,5.9510e-6,1.0000e-30,1.0000e-30
<ATMOSPHERE-LAYER-29>1.3265e-2,291.19,7.9061e-1,9.1110e-9,3.7950e-4,1.0000e-30,1.0000e-30,2.0900e-1,6.3752e-6,1.0000e-30,1.0000e-30
<ATMOSPHERE-LAYER-30>1.0707e-2,297.17,7.9061e-1,8.7384e-9,3.7950e-4,1.0000e-30,1.0000e-30,2.0900e-1,6.8319e-6,1.0000e-30,1.0000e-30
<ATMOSPHERE-LAYER-31>8.5997e-3,302.43,7.9061e-1,8.3879e-9,3.7950e-4,1.0000e-30,1.0000e-30,2.0900e-1,7.2975e-6,1.0000e-30,1.0000e-30
<ATMOSPHERE-LAYER-32>6.8729e-3,305.94,7.9061e-1,8.0834e-9,3.7950e-4,1.0000e-30,1.0000e-30,2.0900e-1,7.6289e-6,1.0000e-30,1.0000e-30
<ATMOSPHERE-LAYER-33>5.4654e-3,307.07,7.9061e-1,7.9286e-9,3.7950e-4,1.0000e-30,1.0000e-30,2.0900e-1,7.8309e-6,1.0000e-30,1.0000e-30
<ATMOSPHERE-LAYER-34>4.3246e-3,305.41,7.9061e-1,7.9017e-9,3.7950e-4,1.0000e-30,1.0000e-30,2.0900e-1,7.8062e-6,1.0000e-30,1.0000e-30
<ATMOSPHERE-LAYER-35>3.4049e-3,300.50,7.9061e-1,7.8925e-9,3.7950e-4,1.0000e-30,1.0000e-30,2.0900e-1,7.5282e-6,1.0000e-30,1.0000e-30
<ATMOSPHERE-LAYER-36>2.6674e-3,292.13,7.9061e-1,7.8852e-9,3.7950e-4,1.0000e-30,1.0000e-30,2.0900e-1,7.0239e-6,1.0000e-30,1.0000e-30
<ATMOSPHERE-LAYER-37>2.0793e-3,281.25,7.9061e-1,7.8795e-9,3.7950e-4,1.0000e-30,1.0000e-30,2.0900e-1,6.2263e-6,1.0000e-30,1.0000e-30
<ATMOSPHERE-LAYER-38>1.6128e-3,269.10,7.9062e-1,7.8738e-9,3.7950e-4,1.0000e-30,1.0000e-30,2.0900e-1,5.4534e-6,1.0000e-30,1.0000e-30
<ATMOSPHERE-LAYER-39>1.2448e-3,267.15,7.9062e-1,7.8803e-9,3.7950e-4,1.0000e-30,1.0000e-30,2.0900e-1,4.5439e-6,1.0000e-30,1.0000e-30
<ATMOSPHERE-LAYER-40>9.5595e-4,303.56,7.9062e-1,7.9453e-9,3.7950e-4,1.0000e-30,1.0000e-30,2.0900e-1,3.6414e-6,1.0000e-30,1.0000e-30
<SURFACE-TEMPERATURE>174.15
<SURFACE-ALBEDO>0.306
<SURFACE-EMISSIVITY>0.8
<SURFACE-NSURF>0
<SURFACE-PHASEG>0.0
<SURFACE-GAS-RATIO>1.0
<SURFACE-GAS-UNIT>ratio
<GENERATOR-INSTRUMENT>LUVOIR_A-VIS: The Extreme Coronagraph for Living Planetary Systems (ECLIPS) delivers continuous spectral coverage from 200 nm to 2.5 um via three channels, UV (200 to 525 nm), VIS (515 nm to 1030 nm), and NIR (1 to 2 microns). The UV channel is effectively an imager and provides a maximum resolution of RP=7, while the VIS channel RP=140, and NIR=70. The core coronagraph throughput is practically twice for LUVOIR-B than A.
<GENERATOR-RANGE1>0.515
<GENERATOR-RANGE2>1.0
<GENERATOR-RANGEUNIT>um
<GENERATOR-RESOLUTION>140
<GENERATOR-RESOLUTIONUNIT>RP
<GENERATOR-TELESCOPE>CORONA
<GENERATOR-DIAMTELE>15.0
<GENERATOR-BEAM>1
<GENERATOR-BEAM-UNIT>diffrac
<GENERATOR-TELESCOPE1>1E-10
<GENERATOR-TELESCOPE2>4.5
<GENERATOR-TELESCOPE3>1.000e-10@0.000,1.000e-10@0.217,1.000e-10@1.410,2.110e-03@2.278,6.329e-03@2.767,1.688e-02@3.092,5.063e-02@3.418,1.097e-01@3.797,1.477e-01@4.014,1.751e-01@4.231,1.920e-01@4.557,2.004e-01@5.371,2.004e-01@6.130,2.131e-01@6.618,2.532e-01@7.215,2.679e-01@9.005,2.700e-01@12.640,2.700e-01@17.631,2.700e-01@20.561,2.700e-01@24.304,2.700e-01@27.288,2.700e-01@29.349
<GENERATOR-NOISE>CCD
<GENERATOR-NOISE1>0@0.2,0@1,2.5@1.01,2.5@2.0
<GENERATOR-NOISEOTEMP>270
<GENERATOR-NOISEOEFF>0.0317@0.2000,0.0437@0.2261,0.0589@0.2580,0.0742@0.2986,0.0851@0.3377,0.0917@0.3667,0.0971@0.4029,0.1015@0.4493,0.1004@0.4971,0.1004@0.5140,0.1670@0.5150,0.1659@0.5377,0.1506@0.6304,0.1255@0.7087,0.0939@0.7986,0.0884@0.8435,0.1146@0.9058,0.1419@0.9594,0.1594@0.9942,0.1821@1.2200,0.1958@1.4100,0.2049@1.6200,0.2094@1.8700,0.2140@2.0000
<GENERATOR-NOISEOEMIS>0.1
<GENERATOR-NOISETIME>3600
<GENERATOR-NOISEFRAMES>3
<GENERATOR-NOISEPIXELS>10
<GENERATOR-TRANS-APPLY>N
<GENERATOR-TRANS-SHOW>N
<GENERATOR-TRANS>03-01
<GENERATOR-LOGRAD>N
<GENERATOR-GAS-MODEL>Y
<GENERATOR-CONT-MODEL>Y
<GENERATOR-CONT-STELLAR>Y
<GENERATOR-RADUNITS>rif
<GENERATOR-NOISE2>3e-5@0.2,3e-5@1,2e-3@1.01,2e-3@2.0
<GENERATOR-GCM-BINNING>13
<GENERATOR-RESOLUTIONKERNEL>N
<DATA>
5.000000e-01 3.899991e-3 2.604710e-4
5.071429e-01 3.736395e-3 2.504620e-4
5.143878e-01 3.669607e-3 2.393630e-4
5.217362e-01 3.683003e-3 2.289700e-4
5.291895e-01 3.657175e-3 2.192310e-4
5.367494e-01 3.991146e-3 2.100980e-4
5.444172e-01 3.914281e-3 2.015260e-4
5.521946e-01 3.866593e-3 1.934750e-4
5.600831e-01 3.900887e-3 1.859070e-4
5.680843e-01 3.678091e-3 1.787900e-4
5.761998e-01 3.658053e-3 1.720900e-4
5.844312e-01 4.019056e-3 1.657810e-4
5.927802e-01 3.775316e-3 1.598340e-4
6.012485e-01 3.723449e-3 1.542260e-4
6.098378e-01 3.610455e-3 1.489340e-4
6.185497e-01 3.766756e-3 1.439370e-4
6.273862e-01 4.059779e-3 1.392160e-4
6.363488e-01 3.739480e-3 1.347530e-4
6.454395e-01 3.655039e-3 1.305320e-4
6.546601e-01 3.722406e-3 1.265370e-4
6.640124e-01 3.752556e-3 1.227540e-4
6.734983e-01 3.749639e-3 1.191710e-4
6.831197e-01 3.600931e-3 1.157750e-4
6.928785e-01 3.834053e-3 1.125550e-4
7.027768e-01 3.725276e-3 1.095000e-4
7.128165e-01 3.859079e-3 1.066000e-4
7.229996e-01 3.771935e-3 1.038470e-4
7.333281e-01 3.713327e-3 1.012330e-4
7.438042e-01 3.630893e-3 9.874820e-5
7.544300e-01 3.803217e-3 9.638660e-5
7.652076e-01 3.675439e-3 9.414090e-5
7.761391e-01 3.752271e-3 9.200550e-5
7.872268e-01 3.897194e-3 8.997350e-5
7.984729e-01 3.902277e-3 8.803970e-5
8.098797e-01 3.675685e-3 8.619890e-5
8.214494e-01 3.730349e-3 8.444620e-5
8.331844e-01 3.787138e-3 8.277710e-5
8.450870e-01 3.712398e-3 8.118740e-5
8.571597e-01 3.629407e-3 7.967280e-5
8.694048e-01 3.763584e-3 7.822980e-5
8.818249e-01 3.781640e-3 7.685470e-5
8.944224e-01 3.827775e-3 7.554430e-5
9.071999e-01 3.856226e-3 7.429540e-5
9.201598e-01 3.778578e-3 7.310530e-5
9.333050e-01 3.744670e-3 7.197100e-5
9.466379e-01 3.791286e-3 7.089010e-5
9.601613e-01 3.823835e-3 6.986020e-5
9.738779e-01 3.743276e-3 6.887890e-5
9.877904e-01 3.786826e-3 6.794410e-5
1.001902e+00 3.686917e-3 6.705370e-5
1.016215e+00 3.721252e-3 6.620570e-5
1.030732e+00 3.678593e-3 6.539850e-5
1.045457e+00 3.706843e-3 6.463030e-5
1.060392e+00 3.787356e-3 6.389940e-5
1.075540e+00 3.749261e-3 6.320450e-5
1.090905e+00 3.724021e-3 6.254410e-5
1.106489e+00 3.774305e-3 6.191660e-5
1.122296e+00 3.714165e-3 6.132100e-5
1.138329e+00 3.764042e-3 6.075600e-5
1.154591e+00 3.755138e-3 6.022060e-5
1.171085e+00 3.747124e-3 5.971360e-5
1.187815e+00 3.695547e-3 5.923390e-5
1.204784e+00 3.767543e-3 5.878060e-5
1.221995e+00 3.702441e-3 5.835280e-5
1.239452e+00 3.730712e-3 5.794960e-5
1.257159e+00 3.764535e-3 5.756990e-5
1.275118e+00 3.831069e-3 5.721350e-5
1.293334e+00 3.699974e-3 5.687950e-5
1.311810e+00 3.693050e-3 5.656680e-5
1.330550e+00 3.744269e-3 5.627500e-5
1.349558e+00 3.726130e-3 5.600350e-5
1.368838e+00 3.748941e-3 5.575160e-5
1.388392e+00 3.790647e-3 5.551890e-5
1.408227e+00 3.679299e-3 5.530490e-5
1.428344e+00 3.754637e-3 5.510890e-5
1.448749e+00 3.696563e-3 5.493050e-5
1.469445e+00 3.836352e-3 5.476930e-5
1.490438e+00 3.797777e-3 5.462470e-5
1.511729e+00 3.852079e-3 5.449650e-5
1.533326e+00 3.732419e-3 5.438420e-5
1.555230e+00 3.631226e-3 5.428740e-5
1.577448e+00 3.702932e-3 5.420560e-5
1.599983e+00 3.726112e-3 5.413880e-5
1.622840e+00 3.657487e-3 5.408660e-5
1.646023e+00 3.785645e-3 5.404850e-5
1.669538e+00 3.795485e-3 5.402450e-5
1.693388e+00 3.772348e-3 5.401410e-5
1.717580e+00 3.680735e-3 5.401720e-5
1.742116e+00 3.746217e-3 5.403350e-5
1.767004e+00 3.726690e-3 5.406280e-5
1.792247e+00 3.749907e-3 5.410480e-5
1.817850e+00 3.690191e-3 5.415940e-5
1.843820e+00 3.722707e-3 5.422650e-5
1.870160e+00 3.735410e-3 5.430580e-5
1.896876e+00 3.676043e-3 5.439720e-5
1.923975e+00 3.720964e-3 5.450060e-5
1.951460e+00 3.794958e-3 5.461560e-5
1.979338e+00 3.766164e-3 5.474250e-5
</DATA>
